2.500610351562500000e-01 3.224857039340726323e-22
2.503051757812500000e-01 -6.330021294341404162e-06
2.505493164062500000e-01 -3.424599877392362092e-05
2.507934570312500000e-01 -7.060638414310279275e-05
2.510375976562500000e-01 -8.987118321399437115e-05
2.512817382812500000e-01 -7.562324790097454627e-05
2.515258789062500000e-01 -7.582768278872443060e-06
2.517700195312500000e-01 9.972551410751103666e-05
2.520141601562500000e-01 1.228843934370677535e-04
2.522583007812500000e-01 -9.460046308812543195e-05
2.525024414062500000e-01 -5.617689366493967482e-04
2.527465820312500000e-01 -1.150863000450657106e-03
2.529907226562500000e-01 -1.766602764830727109e-03
2.532348632812500000e-01 -2.254666522601123189e-03
2.534790039062500000e-01 -2.184107138116389221e-03
2.537231445312500000e-01 -1.133239082261291390e-03
2.539672851562500000e-01 7.789275296442882846e-04
2.542114257812500000e-01 2.974549367169230726e-03
2.544555664062500000e-01 4.923657576760829754e-03
2.546997070312500000e-01 6.120847687148243260e-03
2.549438476562500000e-01 5.700524655082179690e-03
2.551879882812500000e-01 2.899612786842965112e-03
2.554321289062500000e-01 -1.880049063086929734e-03
2.556762695312500000e-01 -7.191150075679514191e-03
2.559204101562500000e-01 -1.168621195456057485e-02
2.561645507812500000e-01 -1.428222373764355402e-02
2.564086914062500000e-01 -1.345683175985757860e-02
2.566528320312500000e-01 -7.765017904788247723e-03
2.568969726562500000e-01 2.461551453273149240e-03
2.571411132812500000e-01 1.494818477974922330e-02
2.573852539062500000e-01 2.735278581275518012e-02
2.576293945312500000e-01 3.787194429494022963e-02
2.578735351562500000e-01 4.391511927398242254e-02
2.581176757812500000e-01 4.247356825839213035e-02
2.583618164062500000e-01 3.269509392052860619e-02
2.586059570312500000e-01 1.671222109043057902e-02
2.588500976562500000e-01 -2.601491213377874444e-03
2.590942382812500000e-01 -2.297382724545731295e-02
2.593383789062500000e-01 -4.110584774243460082e-02
2.595825195312500000e-01 -5.252088823707719983e-02
2.598266601562500000e-01 -5.507872544624276001e-02
2.600708007812500000e-01 -5.064562105979952822e-02
2.603149414062500000e-01 -4.209776919673656470e-02
2.605590820312500000e-01 -3.095312516597821875e-02
2.608032226562500000e-01 -1.927257680285247507e-02
2.610473632812500000e-01 -1.118769002332401646e-02
2.612915039062500000e-01 -9.401690368799191580e-03
2.615356445312500000e-01 -1.193974046643473015e-02
2.617797851562500000e-01 -1.530515911722242148e-02
2.620239257812500000e-01 -1.829737894122891381e-02
2.622680664062500000e-01 -1.991734815687214860e-02
2.625122070312500000e-01 -1.665420332040529541e-02
2.627563476562500000e-01 -5.785822411690875328e-03
2.630004882812500000e-01 1.002187867787514806e-02
2.632446289062500000e-01 2.528974702019307769e-02
2.634887695312500000e-01 3.749181447400087852e-02
2.637329101562500000e-01 4.567658034969782066e-02
2.639770507812500000e-01 4.587551946423967797e-02
2.642211914062500000e-01 3.383050416910431124e-02
2.644653320312500000e-01 1.087747049179218876e-02
2.647094726562500000e-01 -1.757285145785592029e-02
2.649536132812500000e-01 -4.837456084066830281e-02
2.651977539062500000e-01 -8.020912290836482161e-02
2.654418945312500000e-01 -1.070267648770754504e-01
2.656860351562500000e-01 -1.190215308387868320e-01
2.659301757812500000e-01 -1.111654420320675601e-01
2.661743164062500000e-01 -8.446528512946786804e-02
2.664184570312500000e-01 -3.952243077196140181e-02
2.666625976562500000e-01 2.371811877146984965e-02
2.669067382812500000e-01 9.868414386634398461e-02
2.671508789062500000e-01 1.711023840121448925e-01
2.673950195312500000e-01 2.280702939444830268e-01
2.676391601562500000e-01 2.624094494609403028e-01
2.678833007812500000e-01 2.664983417868204696e-01
2.681274414062500000e-01 2.315619289396547431e-01
2.683715820312500000e-01 1.577352753637644156e-01
2.686157226562500000e-01 5.816022293973828472e-02
2.688598632812500000e-01 -4.984515649066625226e-02
2.691040039062500000e-01 -1.521600864841163858e-01
2.693481445312500000e-01 -2.338812261352010702e-01
2.695922851562500000e-01 -2.769708133579724119e-01
2.698364257812500000e-01 -2.709773415018474907e-01
2.700805664062500000e-01 -2.213564297172702089e-01
2.703247070312500000e-01 -1.421200730475787044e-01
2.705688476562500000e-01 -4.716871182717134042e-02
2.708129882812500000e-01 4.686277633778047902e-02
2.710571289062500000e-01 1.174883060884918534e-01
2.713012695312500000e-01 1.462992869794184636e-01
2.715454101562500000e-01 1.309535242422110446e-01
2.717895507812500000e-01 8.082072643422563707e-02
2.720336914062500000e-01 6.183083645950732815e-03
2.722778320312500000e-01 -7.968755005422877014e-02
2.725219726562500000e-01 -1.552627296271758550e-01
2.727661132812500000e-01 -1.992852488509332942e-01
2.730102539062500000e-01 -2.041653666046529259e-01
2.732543945312500000e-01 -1.753372190578486034e-01
2.734985351562500000e-01 -1.203439407399496952e-01
2.737426757812500000e-01 -4.832579281895515999e-02
2.739868164062500000e-01 2.230772883949607918e-02
2.742309570312500000e-01 7.000912090703212409e-02
2.744750976562500000e-01 8.584107752878475384e-02
2.747192382812500000e-01 7.515582064723863587e-02
2.749633789062500000e-01 4.621141552232690963e-02
2.752075195312500000e-01 6.922503025024180634e-03
2.754516601562500000e-01 -2.744106219454777590e-02
2.756958007812500000e-01 -3.619123929105777515e-02
2.759399414062500000e-01 -8.917074787489036314e-03
2.761840820312500000e-01 4.891428973320748747e-02
2.764282226562500000e-01 1.269134323641727957e-01
2.766723632812500000e-01 2.149710172826028443e-01
2.769165039062500000e-01 2.962344963318646607e-01
2.771606445312500000e-01 3.473856499700537781e-01
2.774047851562500000e-01 3.535863095201896011e-01
2.776489257812500000e-01 3.177540641505842145e-01
2.778930664062500000e-01 2.506498512461380335e-01
2.781372070312500000e-01 1.612467207251226109e-01
2.783813476562500000e-01 6.339256637824236540e-02
2.786254882812500000e-01 -1.998273441841174822e-02
2.788696289062500000e-01 -6.985995382109178031e-02
2.791137695312500000e-01 -8.331724804103073090e-02
2.793579101562500000e-01 -6.803143695480846909e-02
2.796020507812500000e-01 -3.178049832554341592e-02
2.798461914062500000e-01 1.444567758689102241e-02
2.800903320312500000e-01 5.060938575544739193e-02
2.803344726562500000e-01 5.834725124523534173e-02
2.805786132812500000e-01 3.486199169724930186e-02
2.808227539062500000e-01 -1.139639152320756979e-02
2.810668945312500000e-01 -7.232945988393249537e-02
2.813110351562500000e-01 -1.387834573480040135e-01
2.815551757812500000e-01 -1.931129138186536698e-01
2.817993164062500000e-01 -2.160266161297896281e-01
2.820434570312500000e-01 -2.023799940190112168e-01
2.822875976562500000e-01 -1.613133868519108505e-01
2.825317382812500000e-01 -1.035327473434755480e-01
2.827758789062500000e-01 -3.992584697795275445e-02
2.830200195312500000e-01 1.098342102715420265e-02
2.832641601562500000e-01 2.796799567783486706e-02
2.835083007812500000e-01 2.317324857921042314e-03
2.837524414062500000e-01 -5.862439165309811517e-02
2.839965820312500000e-01 -1.431705130187182484e-01
2.842407226562500000e-01 -2.402228796449391024e-01
2.844848632812500000e-01 -3.316370926519420226e-01
2.847290039062500000e-01 -3.942277702254159411e-01
2.849731445312500000e-01 -4.155760833818574196e-01
2.852172851562500000e-01 -4.000075091846555519e-01
2.854614257812500000e-01 -3.573758242889012449e-01
2.857055664062500000e-01 -2.951726945341697217e-01
2.859497070312500000e-01 -2.249328484819366480e-01
2.861938476562500000e-01 -1.644788115155279562e-01
2.864379882812500000e-01 -1.240221855533535367e-01
2.866821289062500000e-01 -9.703084274142126375e-02
2.869262695312500000e-01 -7.122581835201277634e-02
2.871704101562500000e-01 -4.040060849574321489e-02
2.874145507812500000e-01 -3.378799286081132780e-05
2.876586914062500000e-01 5.828020789101090449e-02
2.879028320312500000e-01 1.371691823523654985e-01
2.881469726562500000e-01 2.235122119135922458e-01
2.883911132812500000e-01 2.977920943234920181e-01
2.886352539062500000e-01 3.487952448630575741e-01
2.888793945312500000e-01 3.720189138316581934e-01
2.891235351562500000e-01 3.622994911440658994e-01
2.893676757812500000e-01 3.198450726387273568e-01
2.896118164062500000e-01 2.596453248478227116e-01
2.898559570312500000e-01 2.039407242034399215e-01
2.901000976562500000e-01 1.659152623295410689e-01
2.903442382812500000e-01 1.486552441392361423e-01
2.905883789062500000e-01 1.555990476760598928e-01
2.908325195312500000e-01 1.888042978563328755e-01
2.910766601562500000e-01 2.381236351972224885e-01
2.913208007812500000e-01 2.845483580117909028e-01
2.915649414062500000e-01 3.153383371075989539e-01
2.918090820312500000e-01 3.273497709169501113e-01
2.920532226562500000e-01 3.168670482860110882e-01
2.922973632812500000e-01 2.779688412851619161e-01
2.925415039062500000e-01 2.133707205504461468e-01
2.927856445312500000e-01 1.356527440386817995e-01
2.930297851562500000e-01 5.397739889968840993e-02
2.932739257812500000e-01 -3.080116759910319496e-02
2.935180664062500000e-01 -1.154371069571610287e-01
2.937622070312500000e-01 -1.894163247050093257e-01
2.940063476562500000e-01 -2.452257285584719670e-01
2.942504882812500000e-01 -2.841530755225992744e-01
2.944946289062500000e-01 -3.065130207133662799e-01
2.947387695312500000e-01 -3.057455236495488227e-01
2.949829101562500000e-01 -2.790378745657434711e-01
2.952270507812500000e-01 -2.354508248997974618e-01
2.954711914062500000e-01 -1.864495138767588434e-01
2.957153320312500000e-01 -1.359991699788943575e-01
2.959594726562500000e-01 -8.719737783857801905e-02
2.962036132812500000e-01 -5.027685879649046452e-02
2.964477539062500000e-01 -3.425667894909897870e-02
2.966918945312500000e-01 -3.611822528727198778e-02
2.969360351562500000e-01 -4.705625141099782638e-02
2.971801757812500000e-01 -6.398662808545432790e-02
2.974243164062500000e-01 -8.574114200675762854e-02
2.976684570312500000e-01 -1.036414785964407670e-01
2.979125976562500000e-01 -1.072623451756251761e-01
2.981567382812500000e-01 -9.661351083730840283e-02
2.984008789062500000e-01 -7.898392882515534175e-02
2.986450195312500000e-01 -5.674435064608524676e-02
2.988891601562500000e-01 -2.809445683706980612e-02
2.991333007812500000e-01 2.818814838318958738e-03
2.993774414062500000e-01 2.789560077864852022e-02
2.996215820312500000e-01 4.713116020600605777e-02
2.998657226562500000e-01 6.796000890610719158e-02
3.001098632812500000e-01 9.210690447223116029e-02
3.003540039062500000e-01 1.138584961119495920e-01
3.005981445312500000e-01 1.317889752932343561e-01
3.008422851562500000e-01 1.506814295083731270e-01
3.010864257812500000e-01 1.696267738777528511e-01
3.013305664062500000e-01 1.791396797384240402e-01
3.015747070312500000e-01 1.738152606801308120e-01
3.018188476562500000e-01 1.579264212863200623e-01
3.020629882812500000e-01 1.347232106745768210e-01
3.023071289062500000e-01 1.011920654720925017e-01
3.025512695312500000e-01 5.844224273521934215e-02
3.027954101562500000e-01 1.715744233121330869e-02
3.030395507812500000e-01 -1.364793745240912987e-02
3.032836914062500000e-01 -3.541242873162145366e-02
3.035278320312500000e-01 -5.150398159948882393e-02
3.037719726562500000e-01 -5.847574130966969735e-02
3.040161132812500000e-01 -5.384689564475467205e-02
3.042602539062500000e-01 -4.443890693627638305e-02
3.045043945312500000e-01 -3.800278375045900575e-02
3.047485351562500000e-01 -3.347483313958817680e-02
3.049926757812500000e-01 -2.752811186941661256e-02
3.052368164062500000e-01 -2.423679186510477312e-02
3.054809570312500000e-01 -2.925327188818083873e-02
3.057250976562500000e-01 -3.926308336268487242e-02
3.059692382812500000e-01 -4.722252245997728831e-02
3.062133789062500000e-01 -5.402755798774083740e-02
3.064575195312500000e-01 -6.428739504028140039e-02
3.067016601562500000e-01 -7.449058738914764166e-02
3.069458007812500000e-01 -7.615926786734461551e-02
3.071899414062500000e-01 -6.850615117469489868e-02
3.074340820312500000e-01 -5.825451848690502143e-02
3.076782226562500000e-01 -4.792459315206714504e-02
3.079223632812500000e-01 -3.491876950006722602e-02
3.081665039062500000e-01 -2.251408559737386184e-02
3.084106445312500000e-01 -1.977203161183757607e-02
3.086547851562500000e-01 -2.916827364439410208e-02
3.088989257812500000e-01 -4.460952991193882500e-02
3.091430664062500000e-01 -6.221246767331296834e-02
3.093872070312500000e-01 -8.334328324803325083e-02
3.096313476562500000e-01 -1.048425092452039964e-01
3.098754882812500000e-01 -1.166462666098210255e-01
3.101196289062500000e-01 -1.145007481933567883e-01
3.103637695312500000e-01 -1.053036695897677372e-01
3.106079101562500000e-01 -9.486172982950942523e-02
3.108520507812500000e-01 -8.048552675891007535e-02
3.110961914062500000e-01 -6.010041159337180250e-02
3.113403320312500000e-01 -3.900403662458103854e-02
3.115844726562500000e-01 -2.102443461230268235e-02
3.118286132812500000e-01 -3.886861380091588547e-04
3.120727539062500000e-01 2.938077737682881496e-02
3.123168945312500000e-01 6.521316695340295677e-02
3.125610351562500000e-01 1.013237068836444210e-01
3.128051757812500000e-01 1.379970088114424176e-01
3.130493164062500000e-01 1.750953384643225141e-01
3.132934570312500000e-01 2.040577461255831948e-01
3.135375976562500000e-01 2.155072546251278198e-01
3.137817382812500000e-01 2.111531063147108478e-01
3.140258789062500000e-01 1.988639395757452744e-01
3.142700195312500000e-01 1.796476386215197785e-01
3.145141601562500000e-01 1.505023612281698453e-01
3.147583007812500000e-01 1.153682135965299616e-01
3.150024414062500000e-01 8.136435929993932059e-02
3.152465820312500000e-01 4.775184590324219741e-02
3.154907226562500000e-01 8.588305849038378736e-03
3.157348632812500000e-01 -3.477499215695403767e-02
3.159790039062500000e-01 -7.279935906449544469e-02
3.162231445312500000e-01 -9.976030937401199339e-02
3.164672851562500000e-01 -1.158450321658687221e-01
3.167114257812500000e-01 -1.169924518347786047e-01
3.169555664062500000e-01 -9.564380781768322404e-02
3.171997070312500000e-01 -5.341910325489902106e-02
3.174438476562500000e-01 -3.515118990699662299e-03
3.176879882812500000e-01 4.135153309553953743e-02
3.179321289062500000e-01 7.561066419218315238e-02
3.181762695312500000e-01 9.311506780564925145e-02
3.184204101562500000e-01 8.461580088381238929e-02
3.186645507812500000e-01 5.048221382770660265e-02
3.189086914062500000e-01 5.739087509570087869e-03
3.191528320312500000e-01 -3.327581674163596764e-02
3.193969726562500000e-01 -5.900644788318393230e-02
3.196411132812500000e-01 -6.716874401574897402e-02
3.198852539062500000e-01 -5.136772571618195699e-02
3.201293945312500000e-01 -1.196906709595033785e-02
3.203735351562500000e-01 3.597163638338216063e-02
3.206176757812500000e-01 7.393528783513395042e-02
3.208618164062500000e-01 9.368686687453196826e-02
3.211059570312500000e-01 9.340986259850836415e-02
3.213500976562500000e-01 7.009203463660228228e-02
3.215942382812500000e-01 2.490406160820465148e-02
3.218383789062500000e-01 -2.903303421014701707e-02
3.220825195312500000e-01 -7.367881478291578301e-02
3.223266601562500000e-01 -1.000360888259630987e-01
3.225708007812500000e-01 -1.068362125115997346e-01
3.228149414062500000e-01 -9.051172605083411538e-02
3.230590820312500000e-01 -4.947399147206206493e-02
3.233032226562500000e-01 5.598941459087181105e-03
3.235473632812500000e-01 5.667643836578867278e-02
3.237915039062500000e-01 9.252908502545999225e-02
3.240356445312500000e-01 1.111228699012526550e-01
3.242797851562500000e-01 1.094373039277771326e-01
3.245239257812500000e-01 8.267142014152376039e-02
3.247680664062500000e-01 3.585708873629020466e-02
3.250122070312500000e-01 -1.627860840764276673e-02
3.252563476562500000e-01 -6.287257085221625852e-02
3.255004882812500000e-01 -1.007544749520867394e-01
3.257446289062500000e-01 -1.256771896741886163e-01
3.259887695312500000e-01 -1.299306849996522684e-01
3.262329101562500000e-01 -1.126350500078804190e-01
3.264770507812500000e-01 -8.390245847373155319e-02
3.267211914062500000e-01 -5.262422655742800270e-02
3.269653320312500000e-01 -1.971362457100026000e-02
3.272094726562500000e-01 1.211063233486520119e-02
3.274536132812500000e-01 3.375385428789354214e-02
3.276977539062500000e-01 3.967415590440898088e-02
3.279418945312500000e-01 3.441720253819843811e-02
3.281860351562500000e-01 2.410595001235867063e-02
3.284301757812500000e-01 7.421485339051778207e-03
3.286743164062500000e-01 -1.701953990553478624e-02
3.289184570312500000e-01 -4.138363061363833917e-02
3.291625976562500000e-01 -5.682244841895836562e-02
3.294067382812500000e-01 -6.347263469946626269e-02
3.296508789062500000e-01 -6.439179897393765284e-02
3.298950195312500000e-01 -5.643898780714551311e-02
3.301391601562500000e-01 -3.516205815375250676e-02
3.303833007812500000e-01 -5.502785443255830966e-03
3.306274414062500000e-01 2.200515868456084240e-02
3.308715820312500000e-01 4.374514337118802498e-02
3.311157226562500000e-01 6.033741949967212637e-02
3.313598632812500000e-01 6.584692587125115515e-02
3.316040039062500000e-01 5.209257041220450440e-02
3.318481445312500000e-01 2.061472050993823357e-02
3.320922851562500000e-01 -1.856585162438232836e-02
3.323364257812500000e-01 -5.915443259345818522e-02
3.325805664062500000e-01 -1.008115242552145990e-01
3.328247070312500000e-01 -1.383512816869261752e-01
3.330688476562500000e-01 -1.613178657692412310e-01
3.333129882812500000e-01 -1.671646852248085957e-01
3.335571289062500000e-01 -1.631315997070741375e-01
3.338012695312500000e-01 -1.546095327673715492e-01
3.340454101562500000e-01 -1.412954309829911881e-01
3.342895507812500000e-01 -1.256968569418862036e-01
3.345336914062500000e-01 -1.158786379398518418e-01
3.347778320312500000e-01 -1.139841077877777609e-01
3.350219726562500000e-01 -1.110874877506468628e-01
3.352661132812500000e-01 -9.977357755520603610e-02
3.355102539062500000e-01 -8.147563685345210471e-02
3.357543945312500000e-01 -5.745980638048559658e-02
3.359985351562500000e-01 -2.344079204798336924e-02
3.362426757812500000e-01 2.159273211959270022e-02
3.364868164062500000e-01 6.797491761642883434e-02
3.367309570312500000e-01 1.043118578134179242e-01
3.369750976562500000e-01 1.287516324774545806e-01
3.372192382812500000e-01 1.429513438206438392e-01
3.374633789062500000e-01 1.434654760769099868e-01
3.377075195312500000e-01 1.291898662995604463e-01
3.379516601562500000e-01 1.094592953616566194e-01
3.381958007812500000e-01 9.636288201923279284e-02
3.384399414062500000e-01 9.284450858445331134e-02
3.386840820312500000e-01 9.558629908636935568e-02
3.389282226562500000e-01 1.060959379932379376e-01
3.391723632812500000e-01 1.273746623708577053e-01
3.394165039062500000e-01 1.524898718249829144e-01
3.396606445312500000e-01 1.693254542036712329e-01
3.399047851562500000e-01 1.739601124652272179e-01
3.401489257812500000e-01 1.702213473958630319e-01
3.403930664062500000e-01 1.593654658381379319e-01
3.406372070312500000e-01 1.394358457534774220e-01
3.408813476562500000e-01 1.152584097040922906e-01
3.411254882812500000e-01 9.765110646616359524e-02
3.413696289062500000e-01 8.955857749271159407e-02
3.416137695312500000e-01 8.417437162724156208e-02
3.418579101562500000e-01 7.753076525514690509e-02
3.421020507812500000e-01 7.190338490512038216e-02
3.423461914062500000e-01 6.644709429653430921e-02
3.425903320312500000e-01 5.435304443645039285e-02
3.428344726562500000e-01 3.381452790701290623e-02
3.430786132812500000e-01 1.354307559519056514e-02
3.433227539062500000e-01 1.110250486918151758e-03
3.435668945312500000e-01 -4.784921060757410527e-03
3.438110351562500000e-01 -5.472881922383682207e-03
3.440551757812500000e-01 2.884149956389393810e-03
3.442993164062500000e-01 2.015914459064156380e-02
3.445434570312500000e-01 3.618834864357162173e-02
3.447875976562500000e-01 4.047367621327095655e-02
3.450317382812500000e-01 3.289682538525695588e-02
3.452758789062500000e-01 1.759992594882790751e-02
3.455200195312500000e-01 -6.122999481317510651e-03
3.457641601562500000e-01 -3.696972372420902903e-02
3.460083007812500000e-01 -6.367087455813114083e-02
3.462524414062500000e-01 -7.391357660782064964e-02
3.464965820312500000e-01 -6.660991404633762047e-02
3.467407226562500000e-01 -4.864381706790976700e-02
3.469848632812500000e-01 -2.426439452430355359e-02
3.472290039062500000e-01 2.585772077690118298e-03
3.474731445312500000e-01 1.953177783732915063e-02
3.477172851562500000e-01 1.243299519010912513e-02
3.479614257812500000e-01 -2.072693431294674038e-02
3.482055664062500000e-01 -7.179533709957440502e-02
3.484497070312500000e-01 -1.340073845098218031e-01
3.486938476562500000e-01 -2.023844062608232408e-01
3.489379882812500000e-01 -2.651491121744034563e-01
3.491821289062500000e-01 -3.063543714826524322e-01
3.494262695312500000e-01 -3.200673138802977435e-01
3.496704101562500000e-01 -3.123254933317914372e-01
3.499145507812500000e-01 -2.884980679963341510e-01
3.501586914062500000e-01 -2.499989720031694507e-01
3.504028320312500000e-01 -2.034694664719322588e-01
3.506469726562500000e-01 -1.614645374876653994e-01
3.508911132812500000e-01 -1.302252495804507304e-01
3.511352539062500000e-01 -1.047421144536174742e-01
3.513793945312500000e-01 -7.996483652575137047e-02
3.516235351562500000e-01 -5.762324640944829768e-02
3.518676757812500000e-01 -3.743477518271123849e-02
3.521118164062500000e-01 -1.252524901909055077e-02
3.523559570312500000e-01 2.032736078356263409e-02
3.526000976562500000e-01 5.472536258773526285e-02
3.528442382812500000e-01 8.460609308377381454e-02
3.530883789062500000e-01 1.127128576358743667e-01
3.533325195312500000e-01 1.420548431006170009e-01
3.535766601562500000e-01 1.662640845812365098e-01
3.538208007812500000e-01 1.775680520494860026e-01
3.540649414062500000e-01 1.772487089925953163e-01
3.543090820312500000e-01 1.696798377687038228e-01
3.545532226562500000e-01 1.531863767083129213e-01
3.547973632812500000e-01 1.255192452609832088e-01
3.550415039062500000e-01 9.324779961420663621e-02
3.552856445312500000e-01 6.640754050443947731e-02
3.555297851562500000e-01 4.693333408485021729e-02
3.557739257812500000e-01 3.171147986333965746e-02
3.560180664062500000e-01 2.286590562194160819e-02
3.562622070312500000e-01 2.414022723361985978e-02
3.565063476562500000e-01 3.016950589938596772e-02
3.567504882812500000e-01 2.978585709708705606e-02
3.569946289062500000e-01 1.884094495174176362e-02
3.572387695312500000e-01 9.047700474891680333e-04
3.574829101562500000e-01 -2.311697229671543299e-02
3.577270507812500000e-01 -5.493814234339847169e-02
3.579711914062500000e-01 -8.847816181745168929e-02
3.582153320312500000e-01 -1.112532996803250185e-01
3.584594726562500000e-01 -1.184401245169920264e-01
3.587036132812500000e-01 -1.165020420494052716e-01
3.589477539062500000e-01 -1.113148142510722444e-01
3.591918945312500000e-01 -1.025227083456544119e-01
3.594360351562500000e-01 -9.228630577400230572e-02
3.596801757812500000e-01 -8.810654023038587412e-02
3.599243164062500000e-01 -9.119631514169075637e-02
3.601684570312500000e-01 -9.134666261444060464e-02
3.604125976562500000e-01 -7.806967000234608933e-02
3.606567382812500000e-01 -4.886979349576531240e-02
3.609008789062500000e-01 -2.992675914506942592e-03
3.611450195312500000e-01 6.326186490068447243e-02
3.613891601562500000e-01 1.470551595111839194e-01
3.616333007812500000e-01 2.323802460844374695e-01
3.618774414062500000e-01 3.013959852135126294e-01
3.621215820312500000e-01 3.464286574698345889e-01
3.623657226562500000e-01 3.656177166296571412e-01
3.626098632812500000e-01 3.556232735073169282e-01
3.628540039062500000e-01 3.176452298136192010e-01
3.630981445312500000e-01 2.654524007956148846e-01
3.633422851562500000e-01 2.171076027668973618e-01
3.635864257812500000e-01 1.811931818740400157e-01
3.638305664062500000e-01 1.588043006247992772e-01
3.640747070312500000e-01 1.529111799526254867e-01
3.643188476562500000e-01 1.650850181435123964e-01
3.645629882812500000e-01 1.866102674889334734e-01
3.648071289062500000e-01 2.032900048773261803e-01
3.650512695312500000e-01 2.086968966602334719e-01
3.652954101562500000e-01 2.043095027498033622e-01
3.655395507812500000e-01 1.885466415421906405e-01
3.657836914062500000e-01 1.575327016348021525e-01
3.660278320312500000e-01 1.160138891942015249e-01
3.662719726562500000e-01 7.600923558102448685e-02
3.665161132812500000e-01 4.409171696311509070e-02
3.667602539062500000e-01 1.863112631122641749e-02
3.670043945312500000e-01 -2.459246069299036996e-04
3.672485351562500000e-01 -8.303688048967527990e-03
3.674926757812500000e-01 -8.064490847896114978e-03
3.677368164062500000e-01 -1.116125543305576673e-02
3.679809570312500000e-01 -2.551668664530634678e-02
3.682250976562500000e-01 -4.981564421266038850e-02
3.684692382812500000e-01 -8.284066791328473234e-02
3.687133789062500000e-01 -1.280897311164933550e-01
3.689575195312500000e-01 -1.846551343715056304e-01
3.692016601562500000e-01 -2.416930783715538489e-01
3.694458007812500000e-01 -2.889830696029199730e-01
3.696899414062500000e-01 -3.258307401212653942e-01
3.699340820312500000e-01 -3.531409576640729409e-01
3.701782226562500000e-01 -3.664796421146262473e-01
3.704223632812500000e-01 -3.639254085659580085e-01
3.706665039062500000e-01 -3.526832213105521863e-01
3.709106445312500000e-01 -3.409093688684393664e-01
3.711547851562500000e-01 -3.278824544945481145e-01
3.713989257812500000e-01 -3.093300965946047532e-01
3.716430664062500000e-01 -2.876637163200087555e-01
3.718872070312500000e-01 -2.674781611523384672e-01
3.721313476562500000e-01 -2.465979816122334523e-01
3.723754882812500000e-01 -2.216177888301152643e-01
3.726196289062500000e-01 -1.973174288391904285e-01
3.728637695312500000e-01 -1.823165297022232290e-01
3.731079101562500000e-01 -1.780113984637788360e-01
3.733520507812500000e-01 -1.795526251398137652e-01
3.735961914062500000e-01 -1.864014112066054440e-01
3.738403320312500000e-01 -2.012652459462893062e-01
3.740844726562500000e-01 -2.191302024089705203e-01
3.743286132812500000e-01 -2.290528291587498044e-01
3.745727539062500000e-01 -2.263238250956471631e-01
3.748168945312500000e-01 -2.138991130893873605e-01
3.750610351562500000e-01 -1.928315264935229201e-01
3.753051757812500000e-01 -1.602927166736339559e-01
3.755493164062500000e-01 -1.191493335957698463e-01
3.757934570312500000e-01 -7.979342578525336349e-02
3.760375976562500000e-01 -4.820425364069916285e-02
3.762817382812500000e-01 -2.194646842092112804e-02
3.765258789062500000e-01 7.198196447802396314e-06
3.767700195312500000e-01 1.400324866014873715e-02
3.770141601562500000e-01 2.081900463567039339e-02
3.772583007812500000e-01 2.955934800254490097e-02
3.775024414062500000e-01 4.739361619747073373e-02
3.777465820312500000e-01 7.179618105380874971e-02
3.779907226562500000e-01 9.891170984588860959e-02
3.782348632812500000e-01 1.310437477110485693e-01
3.784790039062500000e-01 1.690781396151058436e-01
3.787231445312500000e-01 2.064112198141352383e-01
3.789672851562500000e-01 2.364794299324547433e-01
3.792114257812500000e-01 2.601577042923342575e-01
3.794555664062500000e-01 2.801154717403961381e-01
3.796997070312500000e-01 2.928829323379702476e-01
3.799438476562500000e-01 2.950066402314838188e-01
3.801879882812500000e-01 2.922559542094320117e-01
3.804321289062500000e-01 2.927445189614722443e-01
3.806762695312500000e-01 2.960406589571032976e-01
3.809204101562500000e-01 2.970043012926970594e-01
3.811645507812500000e-01 2.953260985538745942e-01
3.814086914062500000e-01 2.936788882206892159e-01
3.816528320312500000e-01 2.890918548276969480e-01
3.818969726562500000e-01 2.755218904033000515e-01
3.821411132812500000e-01 2.545923127904974881e-01
3.823852539062500000e-01 2.338505702051613677e-01
3.826293945312500000e-01 2.158414063347256218e-01
3.828735351562500000e-01 1.984565847515353254e-01
3.831176757812500000e-01 1.840678423292970156e-01
3.833618164062500000e-01 1.791973029405038442e-01
3.836059570312500000e-01 1.842453931696983460e-01
3.838500976562500000e-01 1.911450100667884122e-01
3.840942382812500000e-01 1.936659726161036321e-01
3.843383789062500000e-01 1.915141273105600561e-01
3.845825195312500000e-01 1.819300804925580994e-01
3.848266601562500000e-01 1.579632170578294525e-01
3.850708007812500000e-01 1.181135328832743081e-01
3.853149414062500000e-01 6.973600472374127945e-02
3.855590820312500000e-01 2.039470876731114268e-02
3.858032226562500000e-01 -2.764282796568065526e-02
3.860473632812500000e-01 -7.040683313210902017e-02
3.862915039062500000e-01 -9.769083715646836863e-02
3.865356445312500000e-01 -1.024956962969293395e-01
3.867797851562500000e-01 -8.802082110459254205e-02
3.870239257812500000e-01 -6.016711071021295376e-02
3.872680664062500000e-01 -2.089592706956366897e-02
3.875122070312500000e-01 2.560333171373999073e-02
3.877563476562500000e-01 6.648427330217493436e-02
3.880004882812500000e-01 8.728323289401918039e-02
3.882446289062500000e-01 8.193330768172982226e-02
3.884887695312500000e-01 4.945136209522951742e-02
3.887329101562500000e-01 -1.289997414361854222e-02
3.889770507812500000e-01 -1.038473171493095593e-01
3.892211914062500000e-01 -2.097890075738864657e-01
3.894653320312500000e-01 -3.103838310932059974e-01
3.897094726562500000e-01 -3.904973977667580698e-01
3.899536132812500000e-01 -4.408803154619939102e-01
3.901977539062500000e-01 -4.513524397443430813e-01
3.904418945312500000e-01 -4.145572766572289125e-01
3.906860351562500000e-01 -3.369196684557471122e-01
3.909301757812500000e-01 -2.369532673037562098e-01
3.911743164062500000e-01 -1.332360205094147987e-01
3.914184570312500000e-01 -4.071763563164698674e-02
3.916625976562500000e-01 2.481412968439122846e-02
3.919067382812500000e-01 4.972668616912379047e-02
3.921508789062500000e-01 3.314617294612431930e-02
3.923950195312500000e-01 -1.201303206628556719e-02
3.926391601562500000e-01 -7.028341312117902806e-02
3.928833007812500000e-01 -1.290465773631754298e-01
3.931274414062500000e-01 -1.735333322879187290e-01
3.933715820312500000e-01 -1.879111753965913567e-01
3.936157226562500000e-01 -1.664371513602033725e-01
3.938598632812500000e-01 -1.174826853601055876e-01
3.941040039062500000e-01 -5.389367465045158401e-02
3.943481445312500000e-01 1.440571972662274547e-02
3.945922851562500000e-01 7.627240673656215941e-02
3.948364257812500000e-01 1.172746706733733824e-01
3.950805664062500000e-01 1.287215282197307076e-01
3.953247070312500000e-01 1.137687891025865872e-01
3.955688476562500000e-01 7.991672489022033643e-02
3.958129882812500000e-01 3.135314972753494578e-02
3.960571289062500000e-01 -2.665293656125788946e-02
3.963012695312500000e-01 -8.272496001628174001e-02
3.965454101562500000e-01 -1.257710418031427468e-01
3.967895507812500000e-01 -1.523957571535909383e-01
3.970336914062500000e-01 -1.623902539155772096e-01
3.972778320312500000e-01 -1.514779234590281354e-01
3.975219726562500000e-01 -1.157404431953794055e-01
3.977661132812500000e-01 -6.025060657092486116e-02
3.980102539062500000e-01 4.366008738582505266e-03
3.982543945312500000e-01 7.093348797528833960e-02
3.984985351562500000e-01 1.337449616311908729e-01
3.987426757812500000e-01 1.814181282705505660e-01
3.989868164062500000e-01 2.008302383747137820e-01
3.992309570312500000e-01 1.881951960258882450e-01
3.994750976562500000e-01 1.504119549160586322e-01
3.997192382812500000e-01 9.689706749528853580e-02
3.999633789062500000e-01 3.823431772097746206e-02
4.002075195312500000e-01 -8.299792668030769871e-03
4.004516601562500000e-01 -2.279820372647695104e-02
4.006958007812500000e-01 4.675930444315634649e-03
4.009399414062500000e-01 7.024843853931045379e-02
4.011840820312500000e-01 1.635456926045676385e-01
4.014282226562500000e-01 2.714401553498314579e-01
4.016723632812500000e-01 3.735868596129954256e-01
4.019165039062500000e-01 4.440225319984841823e-01
4.021606445312500000e-01 4.643599244195198428e-01
4.024047851562500000e-01 4.312255262899250541e-01
4.026489257812500000e-01 3.501988268524566239e-01
4.028930664062500000e-01 2.310406880175632782e-01
4.031372070312500000e-01 9.107817804438134157e-02
4.033813476562500000e-01 -4.515533915107317053e-02
4.036254882812500000e-01 -1.567199271554003681e-01
4.038696289062500000e-01 -2.348082525608853055e-01
4.041137695312500000e-01 -2.778173004786569367e-01
4.043579101562500000e-01 -2.854186075947549028e-01
4.046020507812500000e-01 -2.634950357959581213e-01
4.048461914062500000e-01 -2.274766524963909298e-01
4.050903320312500000e-01 -1.939909367946001106e-01
4.053344726562500000e-01 -1.716363706866078642e-01
4.055786132812500000e-01 -1.628042929600538036e-01
4.058227539062500000e-01 -1.704783695555904532e-01
4.060668945312500000e-01 -1.957768306062894204e-01
4.063110351562500000e-01 -2.313697304260292353e-01
4.065551757812500000e-01 -2.662103937260930087e-01
4.067993164062500000e-01 -2.941407963502460365e-01
4.070434570312500000e-01 -3.120581898978755930e-01
4.072875976562500000e-01 -3.141177874586698060e-01
4.075317382812500000e-01 -2.945162826743348838e-01
4.077758789062500000e-01 -2.557579089869871369e-01
4.080200195312500000e-01 -2.077629837895382803e-01
4.082641601562500000e-01 -1.575895687298000114e-01
4.085083007812500000e-01 -1.075953502535590411e-01
4.087524414062500000e-01 -6.254450782013054599e-02
4.089965820312500000e-01 -2.861152058585414437e-02
4.092407226562500000e-01 -5.541402286044494474e-03
4.094848632812500000e-01 1.376295786791748021e-02
4.097290039062500000e-01 3.516872287340588876e-02
4.099731445312500000e-01 5.928335619478092289e-02
4.102172851562500000e-01 8.717237572373992549e-02
4.104614257812500000e-01 1.218438244161887396e-01
4.107055664062500000e-01 1.596031882452301764e-01
4.109497070312500000e-01 1.887647471027132096e-01
4.111938476562500000e-01 1.999372327960485529e-01
4.114379882812500000e-01 1.917768755466323638e-01
4.116821289062500000e-01 1.664703529666149706e-01
4.119262695312500000e-01 1.256738523350333647e-01
4.121704101562500000e-01 7.558130838970958387e-02
4.124145507812500000e-01 3.064133960338140394e-02
4.126586914062500000e-01 4.298974515195147506e-03
4.129028320312500000e-01 7.552502073694955520e-04
4.131469726562500000e-01 1.922993120132304723e-02
4.133911132812500000e-01 5.818433233369108004e-02
4.136352539062500000e-01 1.114999971894886088e-01
4.138793945312500000e-01 1.651300692989554064e-01
4.141235351562500000e-01 2.035284233729605097e-01
4.143676757812500000e-01 2.196806525160183154e-01
4.146118164062500000e-01 2.137415127009736349e-01
4.148559570312500000e-01 1.861906487944583466e-01
4.151000976562500000e-01 1.405726182397443180e-01
4.153442382812500000e-01 8.747762373145817616e-02
4.155883789062500000e-01 3.899196730567533464e-02
4.158325195312500000e-01 1.052725583122082753e-03
4.160766601562500000e-01 -2.603704018376812312e-02
4.163208007812500000e-01 -4.083808205446370909e-02
4.165649414062500000e-01 -4.135258107366601710e-02
4.168090820312500000e-01 -3.256258542029180636e-02
4.170532226562500000e-01 -2.387517715438236543e-02
4.172973632812500000e-01 -1.944039272684856823e-02
4.175415039062500000e-01 -1.768913908028796333e-02
4.177856445312500000e-01 -1.781163747109423823e-02
4.180297851562500000e-01 -2.129647983778115705e-02
4.182739257812500000e-01 -2.605515001850594592e-02
4.185180664062500000e-01 -2.466901247187414103e-02
4.187622070312500000e-01 -1.299950367869406875e-02
4.190063476562500000e-01 6.693632636433743954e-03
4.192504882812500000e-01 3.322664933905838947e-02
4.194946289062500000e-01 6.794028711379629382e-02
4.197387695312500000e-01 1.080904291604369849e-01
4.199829101562500000e-01 1.447127589193673014e-01
4.202270507812500000e-01 1.692764334924515834e-01
4.204711914062500000e-01 1.798132273886225985e-01
4.207153320312500000e-01 1.762340165638577316e-01
4.209594726562500000e-01 1.553971570548301484e-01
4.212036132812500000e-01 1.171929811392556364e-01
4.214477539062500000e-01 6.840732731373438957e-02
4.216918945312500000e-01 1.667177539835565381e-02
4.219360351562500000e-01 -3.422195644724723707e-02
4.221801757812500000e-01 -8.110942638581980502e-02
4.224243164062500000e-01 -1.169697584379557620e-01
4.226684570312500000e-01 -1.353919080764057759e-01
4.229125976562500000e-01 -1.377276138984824261e-01
4.231567382812500000e-01 -1.284846658576855871e-01
4.234008789062500000e-01 -1.078993926229057099e-01
4.236450195312500000e-01 -7.554573774340167525e-02
4.238891601562500000e-01 -3.590282359696728154e-02
4.241333007812500000e-01 4.199184897306418307e-03
4.243774414062500000e-01 4.141880798076874592e-02
4.246215820312500000e-01 7.478345820597979976e-02
4.248657226562500000e-01 9.869735804670293211e-02
4.251098632812500000e-01 1.050557215499796637e-01
4.253540039062500000e-01 9.223178524879827034e-02
4.255981445312500000e-01 6.397653551313586817e-02
4.258422851562500000e-01 2.288620122012408054e-02
4.260864257812500000e-01 -2.843516561426173705e-02
4.263305664062500000e-01 -8.218338961117577224e-02
4.265747070312500000e-01 -1.261731612009127645e-01
4.268188476562500000e-01 -1.524333607870160257e-01
4.270629882812500000e-01 -1.607180761814757108e-01
4.273071289062500000e-01 -1.520703935809223917e-01
4.275512695312500000e-01 -1.277217068776650977e-01
4.277954101562500000e-01 -9.503251730377104689e-02
4.280395507812500000e-01 -6.640415680526079445e-02
4.282836914062500000e-01 -5.102546375283512070e-02
4.285278320312500000e-01 -5.049521659471589707e-02
4.287719726562500000e-01 -6.328576818801129322e-02
4.290161132812500000e-01 -8.837575972370834143e-02
4.292602539062500000e-01 -1.194986953718675388e-01
4.295043945312500000e-01 -1.432416320497680307e-01
4.297485351562500000e-01 -1.487308488849454213e-01
4.299926757812500000e-01 -1.337565290664001760e-01
4.302368164062500000e-01 -1.008204779400829199e-01
4.304809570312500000e-01 -5.336567817587739571e-02
4.307250976562500000e-01 1.246362075235762923e-03
4.309692382812500000e-01 4.858626872078664061e-02
4.312133789062500000e-01 7.435899565773160247e-02
4.314575195312500000e-01 7.328936391297896646e-02
4.317016601562500000e-01 4.625351719153310281e-02
4.319458007812500000e-01 -4.645394794051432852e-03
4.321899414062500000e-01 -7.267220462327234065e-02
4.324340820312500000e-01 -1.431481786208512186e-01
4.326782226562500000e-01 -1.986646757736166280e-01
4.329223632812500000e-01 -2.281531059940722361e-01
4.331665039062500000e-01 -2.279895052507758257e-01
4.334106445312500000e-01 -1.969749763282108157e-01
4.336547851562500000e-01 -1.389429000158888539e-01
4.338989257812500000e-01 -6.745869085902363171e-02
4.341430664062500000e-01 5.494384327697082737e-04
4.343872070312500000e-01 5.476851913128423510e-02
4.346313476562500000e-01 9.223741285031090975e-02
4.348754882812500000e-01 1.113624324508352831e-01
4.351196289062500000e-01 1.116632598514003955e-01
4.353637695312500000e-01 1.003047199822239277e-01
4.356079101562500000e-01 9.018628030642683591e-02
4.358520507812500000e-01 8.919051394769147989e-02
4.360961914062500000e-01 9.753957467884229182e-02
4.363403320312500000e-01 1.133780996330846086e-01
4.365844726562500000e-01 1.341454342977621006e-01
4.368286132812500000e-01 1.531682419994346567e-01
4.370727539062500000e-01 1.608368017836574460e-01
4.373168945312500000e-01 1.529958954536994042e-01
4.375610351562500000e-01 1.339731679292370803e-01
4.378051757812500000e-01 1.093654344508731419e-01
4.380493164062500000e-01 8.294513992004745595e-02
4.382934570312500000e-01 6.111589334060298778e-02
4.385375976562500000e-01 5.271524507232391854e-02
4.387817382812500000e-01 6.195139018404190179e-02
4.390258789062500000e-01 8.459574330356108007e-02
4.392700195312500000e-01 1.132821227084782473e-01
4.395141601562500000e-01 1.429874898456548193e-01
4.397583007812500000e-01 1.678694082331592952e-01
4.400024414062500000e-01 1.792837539417576342e-01
4.402465820312500000e-01 1.721025485711875636e-01
4.404907226562500000e-01 1.485896170150100004e-01
4.407348632812500000e-01 1.137677931541676013e-01
4.409790039062500000e-01 7.069605294307851340e-02
4.412231445312500000e-01 2.297775279410556662e-02
4.414672851562500000e-01 -2.136514717792093246e-02
4.417114257812500000e-01 -5.407110111721959156e-02
4.419555664062500000e-01 -7.271459777894630216e-02
4.421997070312500000e-01 -7.829138903756863166e-02
4.424438476562500000e-01 -7.068792343034231707e-02
4.426879882812500000e-01 -5.060722299881470487e-02
4.429321289062500000e-01 -2.304126587234241186e-02
4.431762695312500000e-01 4.858984494807698507e-03
4.434204101562500000e-01 2.872200431668383083e-02
4.436645507812500000e-01 4.639081536840235220e-02
4.439086914062500000e-01 5.404427429239652692e-02
4.441528320312500000e-01 4.836349184877571095e-02
4.443969726562500000e-01 3.113041279096300656e-02
4.446411132812500000e-01 7.357126943638899082e-03
4.448852539062500000e-01 -1.965164049236072658e-02
4.451293945312500000e-01 -4.848303553487223749e-02
4.453735351562500000e-01 -7.609051168903577245e-02
4.456176757812500000e-01 -9.809097910705200096e-02
4.458618164062500000e-01 -1.131463136969053096e-01
4.461059570312500000e-01 -1.228113545554656849e-01
4.463500976562500000e-01 -1.269045262845965583e-01
4.465942382812500000e-01 -1.230971358799615029e-01
4.468383789062500000e-01 -1.107383448825123573e-01
4.470825195312500000e-01 -9.180474389160299398e-02
4.473266601562500000e-01 -6.791325571925758975e-02
4.475708007812500000e-01 -3.934107643614699612e-02
4.478149414062500000e-01 -8.214657396477970455e-03
4.480590820312500000e-01 2.043803159584095183e-02
4.483032226562500000e-01 4.234458998830630677e-02
4.485473632812500000e-01 5.601295860865782711e-02
4.487915039062500000e-01 6.089707006742695744e-02
4.490356445312500000e-01 5.655830385878755917e-02
4.492797851562500000e-01 4.460639573929030266e-02
4.495239257812500000e-01 2.944939668320752796e-02
4.497680664062500000e-01 1.544307709470164880e-02
4.500122070312500000e-01 4.544206663141231450e-03
4.502563476562500000e-01 -2.429984491216642499e-03
4.505004882812500000e-01 -4.755569665659735087e-03
4.507446289062500000e-01 -3.341888077132666897e-03
4.509887695312500000e-01 -1.364462847607467166e-03
4.512329101562500000e-01 -2.022721570326088333e-03
4.514770507812500000e-01 -6.373110164707191001e-03
4.517211914062500000e-01 -1.392370244159995066e-02
4.519653320312500000e-01 -2.404472596658848577e-02
4.522094726562500000e-01 -3.536837901072831247e-02
4.524536132812500000e-01 -4.504903440458422892e-02
4.526977539062500000e-01 -5.031110086716764074e-02
4.529418945312500000e-01 -5.020842603591361974e-02
4.531860351562500000e-01 -4.532426090139302088e-02
4.534301757812500000e-01 -3.665514946828138387e-02
4.536743164062500000e-01 -2.555384475498293992e-02
4.539184570312500000e-01 -1.414514200739876333e-02
4.541625976562500000e-01 -4.528096923614245532e-03
4.544067382812500000e-01 2.440715726826569835e-03
4.546508789062500000e-01 6.920140087228758043e-03
4.548950195312500000e-01 9.165432067010804290e-03
4.551391601562500000e-01 9.485915773569678078e-03
4.553833007812500000e-01 8.614331495362859484e-03
4.556274414062500000e-01 7.408036521718416520e-03
4.558715820312500000e-01 6.215247337640410555e-03
4.561157226562500000e-01 4.947369933309736859e-03
4.563598632812500000e-01 3.638003047395753017e-03
4.566040039062500000e-01 2.479274900635237457e-03
4.568481445312500000e-01 1.499565902761696573e-03
4.570922851562500000e-01 6.168977489290985734e-04
4.573364257812500000e-01 -1.063108653902248429e-04
4.575805664062500000e-01 -5.161936211413155427e-04
4.578247070312500000e-01 -5.987128867632619377e-04
4.580688476562500000e-01 -4.872761137798908653e-04
4.583129882812500000e-01 -2.937762042304088847e-04
4.585571289062500000e-01 -7.905912935731845273e-05
4.588012695312500000e-01 8.593066480836524467e-05
4.590454101562500000e-01 1.487069781005712077e-04
4.592895507812500000e-01 1.254133133921744349e-04
4.595336914062500000e-01 6.625811011944837865e-05
4.597778320312500000e-01 1.476944309940874608e-05
